#The variants carried by all 373 men in the patriarch lineage
#after reference bias is corrected to Noah's alleles

Y position (GRCh37)
2686727
2803717
2817429
6630931
7549445
7628900
7848043
7917959
7963031
8096754
8134704
8257661
8290951
8326618
8334875
8685083
8705980
8811466
8845380
9093383
9098922
9410828
9841700
13890176
13900281
14117810
14598808
14679362
14725821
14726291
14864191
14898094
14933671
14981750
15111148
15142330
15172515
15480547
15497285
15648415
15944828
16222561
16331558
16425449
16489668
16497020
16535034
16713287
17164353
17206350
17341676
17374007
17470112
17502468
17508337
17559652
17726250
17881230
18042861
18647146
18831084
18964263
18986087
19018320
19095285
19144375
19198212
19245417
19246561
19303108
19315988
19417241
19463273
21121986
21139399
21298239
21456883
21513607
21560146
21570974
21603164
21804435
21811108
21848764
21867787
21889767
21990257
22003770
22072340
22094491
22151345
22164441
22808370
22986822
23257819
23342709
23431541
23489203
23979899
24443836
28601975
28612323
28655471
28731917
